-2.3284202492657
-0.00861965980918667
-0.571319836484275
-0.885279057856532
3.96963785946771
0.817550886518371
2.03614418553107
-0.834553004298524
2.35528428786596
1.01164249279658
0.508533151339295
1.14378611001237
-1.6914502011067
0.0918081475099807
5.07336115943443
0.838185827547002
4.76985098170745
-0.0165735696776498
-0.63547959526565
0.46891061242064
-0.626504117577028
-0.420451828541627
-0.110684494957174
0.14489126523155
0.218395479997946
0.209767699572829
4.50717250585483
1.31362610211655
0.416478112512821
-0.910999424405417
1.43932294076418
3.1965961158832
0.53330241718208
-0.441453090800468
1.12993203377127
2.99353250496551
3.35505467841062
0.458053081609078
-1.2859597888488
-0.779099077487391
-0.0397187454695259
0.0711844956673417
1.77778411822565
-2.88179309085619
1.78217423519601
0.855630621021914
-0.0860198855043466
1.65681413395557
0.0810336774202446
-1.30612192995114
-0.47749538573991
1.29959087851487
-0.776405783427875
3.99198367626938
1.24652280438254
2.40301992000086
0.471881439072667
1.57285055777143
2.99848356418705
1.30067348920341
0.701114377196942
-0.109337401646032
0.378275156319739
-0.14292735875922
1.15196784214012
-0.264338158082795
0.173352732111344
0.202054961961051
-0.321517119728367
0.347466432834795
0.510758139319371
1.92905075363735
2.03443999344404
1.33464248541529
-1.38632593400762
0.0302307336509966
4.09144545787898
1.01758851531535
-0.484767367868586
-0.72821584298842
1.2297831053958
4.35263834356945
2.40094465518216
0.87950641499372
1.19066087300338
1.88643185166324
-1.20957832472585
3.43002234570388
0.215477239085796
2.01320861821715
0.381214929349991
1.61984661756395
4.10928161278939
-0.738974733638972
2.91656971475721
0.173280036801815
3.81580402395354
1.3286889010423
3.01002832773722
0.251837360082719
2.58458383276397
3.0548353052995
-1.19636780530359
4.08168104056401
2.22296367444807
0.847531302031006
0.420044073525565
-0.340909227266593
-0.694293622466907
0.121462914108216
0.120661261143159
-0.0617653738833989
-0.761214990902328
4.57390463286213
3.72648127181401
0.345087262326182
1.19937573986988
0.870609201254573
0.652930609397897
1.92282551813427
0.765808198746877
0.288239086385144
0.567142885940788
2.0846706021967
0.186148464501677
1.51093611211059
-0.756019578192255
1.24262181095256
-1.61187481322758
-0.733332120039093
-0.0888131466627699
0.526147793692927
-1.99194216572475
-0.762050516467149
2.16914816735082
1.82639770708411
1.51904092451574
0.155530151835811
0.29453287215335
0.130866514592318
-0.48709326169304
3.75098857430115
1.35208216918369
-0.862104533745423
-1.45985413833972
-0.478094055801671
1.19574700095151
4.0902525319614
-0.992497827362463
-1.06646234304711
-0.851480248324437
-0.0507282772628578
-0.363026841119976
2.72591139137262
0.213101146544109
0.284673601352546
-0.771483659471663
1.1630202994125
1.30469758971126
1.23802534158032
0.26915734737493
-1.84802190021848
1.36868971133712
-0.999588915922503
0.0628762111921127
0.752208236225862
3.23723390199252
-1.0376191297768
-0.21665888337679
-0.603769940539521
2.41619692643841
3.43988972887607
1.1088526223755
3.23355929394027
3.45076952269308
1.20626717649385
-0.158022104904138
-1.12822731198375
2.55470778853378
2.18363026411848
0.191796851397898
0.230583708633371
0.658751025020733
0.275444223563357
0.567006887312132
1.26299847040411
-2.13598217077894
-0.830391028830431
-1.09651768689682
0.81413921467294
-0.442456191650089
0.75910565109636
-0.905717913270518
0.60291251221142
2.37453187448252
2.22659372117925
-0.670361608581769
1.61439618567112
-0.632527492196562
0.953941109639335
1.57620749431583
1.58180779738662
-0.207593733236201
3.6969385325341
-0.595848521884887
4.7415408230283
1.72530498316939
0.236820192308103
-0.911790221593412
0.529489835120236
-1.37903123201248
2.54871050389946
0.818824034364561
-0.668495923946234
1.8704758144496
-1.18127915812072
0.816589315293332
4.34460955231052
3.16366400105883
-1.4070347146712
1.03259918581823
-0.0344137198073742
-0.148897688250951
0.571779156116733
-1.09702069302541
-1.09433528082318
0.796583724611126
4.13632738112403
5.29627462216754
0.208874197164781
0.807180367719029
3.79911023395583
4.31020712365796
-0.31777903627831
0.629238316010074
-0.340521993110452
-0.555009961119647
-0.766188618927097
0.291722660777859
-0.180241683263924
0.226183956094488
0.65834334674945
3.44816236108896
-1.55012748897916
0.259379411625153
0.878062466075144
0.229056877680489
4.9629020192567
-0.186113957642127
1.43347720321355
0.00424202358883399
3.53688124023681
1.24209489873003
0.0688476532637607
3.69549546497019
-0.166711671639701
-0.0356282820635339
-0.899322511342727
-0.0828287859312593
-1.21082368804916
0.125468417402687
0.378211116805719
0.477555913400438
0.426588153263612
0.546753874301975
-0.879065599001407
3.52834943159903
0.872675602309533
2.01808914295062
0.224693904959056
1.83584032056933
1.5772766764997
-0.32207326777943
0.52614896741794
0.809687136606337
3.69464240086528
3.34023068053036
-0.0851507971990401
0.220644006140331
0.477671091076063
-1.64287741412759
2.86110599641632
-2.62082816559893
3.05631638018686
-1.74312687205903
0.954541195198696
1.44163129013002
1.80773533299414
0.989880290897932
-1.22582784615514
0.186374954540834
-0.606195332170802
-0.0603929138989126
0.203011305582942
-0.72870484880163
-0.594574133650673
-0.682115926110018
1.43911434721507
2.67371451825708
1.32606579446741
1.18641966866952
0.307629154218092
0.186534379893351
0.0571634569409798
-0.443061205904822
0.529412884754044
3.05129155190398
2.36046668658441
2.64734219502445
3.20211943708729
-0.951494501197273
2.71639658832116
0.965779977346757
-0.0621702970421498
2.31532304446692
3.56261392597813
1.37449445400326
0.374684964446737
0.220620752814148
-0.431508096692959
4.26296823967273
-0.723249584805894
0.0771188960745755
2.25172891590526
-0.624650140052066
-1.56853365811472
4.81313058001478
-2.21710554719223
3.38392803099506
2.8977719703699
0.48575822367444
-0.0675642804929638
1.1806971653701
1.15937561002954
-0.492070644534477
-0.268002536898364
0.941764479202165
3.74708078248508
0.947170721766404
-0.563691278873675
1.27840263381294
1.37564318460964
3.53096848130975
3.10088774557992
3.26654255288315
1.17747274313606
3.7332323076125
2.02019521186295
0.909011719158286
-0.513149179434667
-0.611998651529922
3.93686579971255
3.01553018640195
-1.21047611242081
-0.82518599712248
-0.356808284033946
-0.766346983161294
-1.40496788076341
3.39698675208881
0.80628938504359
-0.224512041265653
0.897920132009714
0.777607301248844
-0.468430639508297
-0.158188064790071
0.723018740497569
0.584064942412875
-0.634464226552582
-0.358015051806308
0.0710296941408259
3.06890256966865
-1.52100327373308
-0.0471862840804086
0.922434182723526
3.2496425759199
4.71873103271534
2.85364588612851
3.71891374678685
0.320029384254549
1.04659842585193
0.491076023754259
-0.608520398271013
-1.70648552205527
-0.963691960328367
0.297749800258056
-1.00720977166289
-0.928218574485684
0.0638540125999981
-0.367353973073167
-0.871625915919
1.66085066566765
-1.83795343041481
-0.330331951067814
-0.115392112077664
-1.2536894495642
1.47859637874718
0.709371640505311
-0.26419033891306
-0.115905141828152
1.35611114549084
2.31223609868549
3.59661476702732
-2.35335311806559
1.66286655873462
-1.14306479733666
1.52663242342952
2.67389974100717
2.85591216598765
-1.18498715377457
0.734997393433046
0.840710369031269
-0.448165799505626
-0.692803516112932
1.25364582997631
0.97629293429671
2.67223601388844
-0.266237713655271
-1.22342969775109
2.48687436994852
2.55491094642262
-0.716158873402245
1.79745746351447
1.3606954575024
-0.120307714745822
-0.817247855825068
-0.885122667928742
-1.41885234950225
1.10203261508814
-0.512507500293459
0.164344905413032
1.55287653562419
2.94969946165505
-1.07843834467079
2.83986036260415
-0.90855255647315
-0.634922181961572
3.56057649510011
-0.394567870910078
-2.0792410304313
0.983382438627412
2.08587221818117
-1.50653817154587
0.596236689109033
-1.56166942407503
-1.24957478617941
2.5184937194564
3.08221271905404
0.101623962514607
0.594631234908779
4.61167974343174
2.01455221773016
-1.0098923117482
-1.56355399745334
-0.801314960480498
-1.48145423487925
0.943705543083712
0.359493643441299
-1.81030606401138
2.62570680714649
-0.436486344904014
-0.54592967491925
3.01877503093357
-2.27630779779095
0.90128413247765
3.04461349744564
-1.11454467065045
0.994447346351782
-1.2029752240407
0.344188034892163
-0.93620436357785
1.01223533605328
0.998360629354146
-1.43305388224294
3.23006128934377
0.807131320214579
2.3450759571679
0.559664623460204
-0.658557428674303
0.234498785078042
-0.814571445668039
-0.922732993710174
1.5108869067777
-0.79757653175003
-0.131935056842031
-2.00541308799602
0.079213908570562
0.0957008208827876
-0.521010355071057
-1.54567411738391
1.1550722537114
2.9112781444037
-2.19793614840735
-0.0102809377769805
3.29847060921986
-0.473640723370302
0.582494382526633
3.77110656885024
2.31389885047483
-0.217602424148168
0.343979805710398
2.65317401107113
1.34649483024561
1.82447536026953
0.719411419771084
1.84241290212655
-1.3436170149117
0.575603058768842
-0.57616793565559
-0.28533076169076
0.662139009501507
-0.141734993167463
0.101472780937129
0.420670043950279
0.560693029881924
-0.552336597183306
-1.55857643669994
2.3705413105297
-0.993250027167732
2.335620307041
-0.547861340310736
1.2184443461818
1.6815429708876
2.5271930443518
0.90776349237413
0.879318861944323
-1.07757202480539
-1.1914314471504
0.554075771391407
-0.697294498876113
-0.449157172753784
0.132760394430314
0.150139529334474
1.88137612336219
-0.93714454589765
1.79484170164241
-0.955688825139167
0.282898699022834
1.15177158800886
3.64959989402567
1.25744611031959
-0.975051144570008
0.53123146301862
-1.01420123528282
-1.16984159559108
0.132350258601349
2.60568159780894
-1.27945952544586
-0.159315705513008
-0.652940369669077
0.455286416697302
3.55278469087658
2.91373098126545
3.51432470995839
-0.291314120779984
-1.05484842706129
0.0703459385514445
-0.0397405993258386
-0.694897195271759
1.49163677639325
-0.625981281327686
-0.749841427549047
1.0998021122045
-0.401709766907167
3.83889911857243
-0.374193726601763
0.304849702270906
2.9395745907973
0.644830744102615
-0.518344919528349
-1.35500429536417
-1.72863036500023
2.40517173845411
-1.50669822967592
2.72841378874441
0.810712511275121
-1.06203127822157
3.94708376433204
0.370375973964675
2.76217503968021
-0.497420968276752
3.31046124097329
-0.549053190805197
-1.51484020431645
3.79083259389929
1.42374952871361
1.20001500470468
1.6518204679222
0.338864366737751
1.70606199542817
-0.072616508339279
0.687895360282896
2.66707197943622
0.0179666542288055
4.55797093126262
4.07996943282508
1.18636350707613
-0.0585576126724916
0.936384394248331
-0.707491853639196
1.84499690917446
3.47820848628073
2.42175809462481
3.74195966343213
1.48216353706019
0.249619109651672
1.36760022460466
-0.383486355759283
0.475486274269974
-0.338491312118577
0.453763668686197
-1.27280299184723
2.31380223738099
0.431243214786452
0.0594422004614392
-1.64487555234252
0.0406855441881059
-0.459831164084764
0.223311985656398
-0.393630983118619
-0.389029990552712
3.42510676381499
0.618335835295834
1.2438151961746
-0.643291050477459
0.100372057529744
2.20760256189202
3.85336974858306
2.86768392248089
1.29981174052854
-0.714433743508584
-0.892937750372646
-0.425604718544995
-1.00921048785906
3.75108087196022
-0.00234209181913131
-1.58185069095503
0.379314976516756
0.979808216851284
-0.202394776135815
-0.8201729989732
0.281770862953052
0.779791709745152
2.48958136775729
1.00826583165259
0.726808709807633
-1.32372918429061
3.52860885318608
0.681422213416428
0.0249942484622958
-1.35205710959793
-0.335952368893854
0.688993095077779
3.34971545247637
-0.192455165573109
0.79945071777888
2.21524188547725
-0.993721130812172
0.38868890495022
-0.730472426581055
2.79078060475648
1.82576548063727
2.09769663180135
-0.735418112967018
0.717927891935697
-0.14068541021246
3.87563697230562
-0.874121641755562
0.0584891003708869
0.797570041486872
2.75202750291936
1.02418775660607
0.418775301373561
-1.45880604714442
-0.520315807135565
3.01687266892661
-1.32698116510455
2.00909286972881
-1.25737206327736
-2.22281075284767
2.95948389880108
2.50387717488279
0.546349237288416
-0.0382838463172392
1.56733379663512
0.934015345118495
-1.88127621951336
1.74625324909781
2.24151708332182
0.0539968078639375
0.502043483328973
-0.711142952032118
1.42451329683658
0.12754360917072
-1.11844312864291
-0.851825875365453
0.189264518732164
1.81609538174869
1.80417192498057
2.55676350332536
2.30071201089482
0.691909522389344
0.248876493895904
2.59300336520724
1.67356367032562
0.102217018846206
-2.09254918741643
-0.936897137978836
-0.487953930387801
-1.6290054870435
3.22145416901437
0.794573747964035
2.92908198884568
-1.59933469630474
2.03494552039795
-0.172683355705747
4.67755222930645
-0.803016049919516
-0.0510969208925013
-0.547173469426687
-0.463815511852732
0.778453014611597
0.682747635595234
1.23049732300048
-0.569393443936481
0.625813607807384
-1.33647673996644
-0.151099477577773
0.0192053187172589
-0.555472691271634
-0.232393865693122
0.295588310628758
0.389574334318001
0.190815804664219
-0.0459142572174682
-0.280781308100484
2.53432886569553
-0.529108823012518
-0.093861790848926
-1.37674317305217
-0.102574215777063
-1.3208348547808
3.41094497592372
0.569162949707047
1.35004623525091
-1.78531388947119
-1.85100072358079
1.2620377561477
0.0311580554164127
1.02984786238305
0.0556688322410578
2.92399046364385
2.23314055500742
2.04243247066824
0.049239129043541
-0.358404299439756
-0.343428894130868
-2.11818175918671
-1.71309857848797
-0.79703466570456
-0.388117370104552
-0.937479577107106
0.813331701301708
3.29383924860499
0.0870996747725936
3.97138846126305
-0.502252652102232
2.97557440517827
-1.3191379303357
3.21947139238712
-2.3634335762186
0.550376699318332
0.0836746635698235
-1.23288033079548
1.39672045016462
4.27244982321601
1.87793285872522
-0.445172408493284
-0.778548163866481
-0.386550469349352
0.121396879265285
-0.0399300028392129
-0.447915071087681
0.141892625204248
3.58236467155442
0.473942571011716
-0.371510948105342
3.58700477961677
-0.447828842878603
0.101723853914073
-1.67252866164818
0.729350783759116
-0.00584938396172837
1.65709505642056
0.898622412954019
0.481847502059475
1.89047610770902
-0.948793264877888
-1.52395002438568
0.441025319856466
0.59075907267791
2.69251999616459
-0.177855439276118
5.34652791117729
-0.381805108651389
-0.559516554404004
0.225613972528967
0.813303232855948
4.53584049025986
0.368099038638634
0.425004740947291
-0.753568858160558
3.16315855718901
-0.116775816220859
-0.196539557889771
-1.82071685799526
-1.82868624912667
-0.12210204914018
-0.938620493371673
0.779906163420184
0.0343931320619147
4.6765842873597
0.453185906959103
-0.569193832335573
2.18666546069976
-0.195395698814787
-0.871775290586501
-1.57414059108781
2.8970402729702
-0.436413510864311
0.351931356366892
-0.937538269537206
-2.20310521797845
-0.834540988434571
0.576970972976661
1.01814418631914
2.92827788241055
-0.513105926112494
0.316882850560835
-0.4303387951785
0.176195405521526
-1.38109628846445
4.05027578939255
2.97755058203339
-1.0749366030739
3.30422854058881
-1.02726723225921
0.850988662538988
0.279741055267301
0.699259430619773
0.537978285203436
-0.150041034256813
2.2138977372418
1.27097494948545
4.97433096367366
-0.0924481819789917
-0.099766199817594
-1.0748316298199
-0.514577130864724
-1.26697386532498
3.37685887215413
-0.365136984139371
2.40389496115886
-0.298230327962457
5.12548329964223
-0.131466040311168
0.177829797874698
1.74795691790857
1.08735405144538
-1.11886161305496
0.645115647016514
-0.372763207291027
0.40893574556962
0.521454759548512
-1.53996220218459
0.87335773125134
2.01192171745996
0.386141168046061
-1.33684210880548
-0.0645162177833372
-0.532804328137503
-0.707085249646478
0.403125351958623
2.74937240570068
-0.112812618035312
0.552191759820769
3.48975533665022
-0.830115897337439
0.736009385553036
3.91802047721289
-0.544586270980093
0.70194331123065
1.53939525181522
0.0238084820975752
3.49425002760321
1.00485842323956
-0.353182748506376
3.46357231197889
2.98329250423541
-1.45436269771201
0.0438226124063684
-1.79222119256445
3.94161272872563
0.17799561043894
1.28123979183134
-1.99852335636561
-0.109671719226631
-1.07870775806633
1.01899908359763
1.12792548579492
-0.0835065194219496
1.45936248067127
2.20955875365694
3.71440461314143
-0.53427922922842
2.67952720097303
0.472177426497679
-0.978447481341734
-1.26251374575985
0.330723068107807
-1.7526569621586
2.13936780047667
1.47869649901065
-0.098989750250338
1.85435550561852
0.70439631330409
1.2183674571061
1.17092705044077
3.37230034253392
-1.13200464656245
-0.318478901935216
-0.987658096703346
-0.434603551005871
-0.696895929357684
1.06398881176374
2.55898331149295
0.930472025079415
-1.2566383710992
3.05998518289644
-0.82284705799172
3.23864050425595
3.39526046660961
-1.16139828519742
3.71790477315899
3.41474291356174
0.242534478841037
-1.4425959721753
3.33521313296499
0.382330611629596
0.659516964817847
-0.915983547044913
-2.01973645121773
0.33774122123342
-0.766170526614024
-0.203776282781484
0.246356804878486
-0.0124032162366828
-0.174177758054971
0.389398513678446
2.6950666043772
-0.532101820978343
-0.119435108181349
0.321660727526052
0.180151881783213
3.07185011802301
-0.887305920598503
-0.388597126984368
-0.410851070985971
0.726165784014534
-1.70531161254942
0.609671495379239
0.179154745022823
0.450329347078979
1.02735479409677
-0.0897723757930037
-1.75015046717038
0.69955573682408
-0.791235216268232
-0.666950260867403
4.1432751732554
-2.11028051209118
1.16997534702736
-0.930222161070792
1.70325489750382
-0.896036543381475
1.01691876337886
0.887015342968345
-0.230403592785297
2.90274199623963
-0.151267302173808
5.08544866062621
-1.31166792009519
-1.29120682199809
2.32836882243158
1.4170714487935
3.18730317303164
-1.2361027744826
-0.847623022428307
0.565153338055204
0.602434809045213
0.193400373101242
