0.838263084502748
4.39508021028838
0.910466380967711
2.67426144666931
4.43232878932286
-1.99202033539910
-0.548903925775765
-0.530694509874849
3.01778089926944
5.97996228686062
1.09804616341728
1.40551121050898
4.8075567524595
-0.298269992821442
0.0187157517767025
1.57540063069644
1.27216930380697
0.669571246711237
3.65261260937243
0.549045586739299
0.570098791973214
0.529031870040003
0.890743049428156
0.691090196265023
-0.659890409657348
3.97516539414344
4.0398033783392
3.99023032287862
-0.437705217708686
3.75322823499059
0.113107584125449
0.0207106504445997
-0.479223158316627
-0.680598090821423
3.56832583625721
-0.431165883921429
0.962214796614987
1.08598562836248
0.728058569684648
0.611534260873389
4.13649131373117
5.35083282368235
0.538979472542886
-0.697850413694711
1.06414419567528
4.92792078210292
-0.768415549201419
2.67638597321588
5.48976684187759
4.15127690059178
-0.295559617671251
3.74866165892173
-0.588597072889818
0.324793140748318
0.795906739787449
-0.15815792531958
3.17986151739884
0.83102376742972
3.16532427966538
3.07297159670352
3.68368521012827
4.33037213417728
-0.425863693587362
4.71132328739538
0.0484121011966532
4.26267859810896
0.533801280822569
1.12626163897593
0.0198848524584591
-1.31539604924006
-0.0663238027362614
-1.87456769751278
0.428185971006466
0.105578928045411
-0.190202657171833
6.6391035575475
-0.351227330517570
5.033308836615
-0.600346322412825
4.14933540912918
3.58419030903250
-1.32259102095571
0.722553483441207
-0.356495595344667
0.78375316233491
0.253667652651645
-0.114688571134269
0.184720367046909
0.549925842647252
-0.717069729291647
0.651179489807552
4.5635142872046
0.223538057929895
-0.964151133580603
-1.17846765497472
-0.400422916467315
-1.20467116734703
-0.187538016461750
-0.746519081948537
0.656949905683691
5.59249421313643
1.35644988376282
-1.73976987875339
-0.242193671402066
5.13680760749598
1.19489138959781
0.637303705612192
1.04857067972807
0.597401094947816
0.101855803362051
0.240263145418313
-1.55594753361079
0.100193633096276
0.0248033753120772
-0.663421611757949
1.76751062232268
-0.696859275620118
3.6704663107483
1.28544060859449
-0.424816172308965
-0.417281633979823
0.105773615614301
5.11456269348829
0.0707126076688803
-0.529179270768395
-0.520652620972849
0.344477126767873
3.64317499867154
5.8184983169068
0.0731568439783895
2.09866325999287
4.25197231774128
3.83776735738416
0.979046641581672
0.868279942107407
5.32183351819302
0.0489621618062991
4.08445304100894
4.36049618889069
5.48135829953009
-0.820092988923236
4.63210876689843
3.95781596802497
0.872043361993049
1.23180174746476
0.308071630929755
-1.29099768124797
0.214039543998377
3.31657005166067
0.193805248876953
0.263935296352290
5.90261131903044
-0.250922692958581
-1.58468017526274
3.80859894760382
-0.56586367517402
0.434652490280412
-1.40365326050902
-0.945297396437228
0.823878209802967
0.248701362768666
4.29382175161872
0.183190612386658
-1.23428549784267
1.09668675122050
-1.42687369311369
0.128689566916972
-0.999723926539978
0.72204199497259
0.164902230248356
0.592548173385751
5.01400610219092
0.110201575057552
3.41288111017225
-1.74399764331403
-0.521604025183104
4.61662744589265
-0.0438517426059606
5.41155253577778
4.19023008107803
-1.17110571534759
0.369195352350714
0.973183820967133
4.4925658270784
4.12948743825528
1.25506408550884
-1.21959557786070
-2.6252167849609
1.50016603444583
6.09307421373627
3.73031109844659
1.60618303453615
-0.120951766768913
1.43191609609814
4.4363944323988
-0.45571374412923
3.92673085518578
-0.707685288067552
-0.192508807063298
1.47821469087346
-2.22393482979473
-0.59269049454794
-0.776360610044151
2.93501685540126
0.0143444012162361
-0.0395824056990877
0.703530987384969
0.121154560643739
4.77706114427036
0.693991134036377
3.95864568518031
-0.114916325538975
-0.894860116956925
1.32250637939237
3.54621222789894
1.45554128200627
1.57014552479973
-0.285836653961247
0.180369831988950
0.726856110770342
0.712765542505015
-1.41835802812629
0.96831068545648
1.77826421625424
4.49433947245705
4.66934064147813
0.430764449106147
-0.8584653573803
-0.875838005495754
3.08825377357138
3.91175235473065
0.324911463340305
2.21702340149377
5.13538932012485
-0.865062847443593
-2.03887248757508
0.0718136740146466
-0.345614336591806
-0.472043231579629
-0.196595502707122
4.08362816047932
1.92133734330251
0.208389183531823
0.167297526426170
-1.06812449279129
0.644730996453544
-0.889171115641358
-0.32677989753886
3.23877649365578
-0.00157444195175503
0.849922438793358
5.08135511952602
0.625388309650122
0.895381313578303
0.929459679539877
4.64524365818767
0.00877799521015695
1.62853473719172
3.68408517258898
-1.28032151927555
3.01482159494641
1.97765965869527
0.384871883294265
4.82271508525773
-0.487756793733721
3.9103844535765
3.43591479478469
2.94734075915073
4.60098083500053
0.673627145828194
4.20555336105626
5.1353668605924
4.24462372093225
4.98339380235054
-0.65570244434335
0.535908781793850
0.286371168054369
1.15531784073947
0.158542244593753
3.60852455056606
-0.763534108467946
0.256523632541921
1.66273254474359
-1.69453718549176
4.0149828586928
-0.239745117418283
-0.77384620896347
0.508172942058642
4.24624751637375
0.337231516924656
-0.0126021040598415
0.207442678147654
-0.131187689854805
-1.15300661750101
1.31710904633929
-0.642987934455389
0.0198160753503561
0.120726000659329
-0.360181811744474
-0.162540111775268
4.52480474518407
0.616361601034992
0.664267116582616
-0.339910189357645
-2.46479701130337
-0.0829720185211376
2.91332814915156
0.103475828812550
4.69716895081936
2.01962722242032
1.21931698136806
1.49696062363953
0.610912365855332
0.720489457113834
5.250544457847
6.22216007637751
-0.291578290210128
-0.0307706847783311
4.78450218353387
0.85780036764401
-0.366818172876482
4.78910808544928
3.80446825419510
-1.45228080138248
-0.582937186596722
0.746410107068035
1.77330944036793
1.33710010895592
1.43647463771708
1.31095866707863
-0.798971104301756
-0.874852123923018
-0.900520770789339
1.38843192805045
2.21661004273563
1.21533597887806
4.84333803113212
0.404917878157558
5.24873564969395
-0.231979128616892
1.24490475977985
0.583437499742915
3.52294521688512
0.21691468456979
-0.263528265761273
0.321396374772045
0.8352585052175
4.6192765517173
-0.213322493891825
4.1504886836933
-1.42935623329808
-1.71200553009318
4.18902813340976
0.543128106979727
4.45628046858064
1.07027401483444
0.634124696855618
5.15952962063508
-0.89983764600347
0.882380248883492
0.75984940594873
2.18119095045228
0.916033943186981
4.3022473184855
0.396505374115124
-0.00995814700828998
-0.515932763184886
-0.982649921979925
-0.207517538932836
6.20736358532416
0.702824891972662
-0.816313075390611
-0.429031528125487
4.6838707974471
0.307563262641976
4.02923376859066
1.79928645552822
0.171011952360507
3.67642264968535
-1.25244656417988
4.4713365809162
-0.923308040678147
3.34451338124330
2.98381512040999
-2.21489666422642
1.30745780025465
4.98610669537967
-0.298133183095156
-0.656273943651261
-1.41010289142681
0.233759939211248
1.19137803398975
2.53904695276722
-1.39278741174764
4.08732092037194
-0.301787609620530
-0.101071315902374
1.33635347685064
0.71289634203058
-1.23940160400769
1.19344020971113
2.63263490217519
0.409220980893225
-2.27002025654828
0.608902987538091
3.86881181373039
0.189423492558385
-0.175300218598273
-0.140853887054913
1.00944670399367
0.0301834747553585
0.616494168296002
-0.607089031537582
5.44848921546427
-0.476351713265717
0.622750087605719
3.81178420993718
0.0295397872825236
-0.478795783415115
-0.163244253858207
1.51309776898662
-1.46541821193354
0.272191819591289
-0.378773509741317
4.95203934912808
5.90116885348435
0.437528394341213
0.344670935728092
3.52374946181212
2.21482313245909
-0.702301238458404
3.02082192017711
3.8582244512757
-0.344858968638243
0.783929853956758
0.158305042200740
-0.812338413336152
0.752688045835662
1.03169080458953
-0.701364353191547
5.4732364003462
-0.926122409149748
-0.351066789876829
4.22494361198358
0.668547958773988
0.0183114490363735
-0.414867688583723
3.71884379814971
1.36519412469951
3.40106362498828
-0.610379061218247
-1.30465887501491
-0.0270675101480246
0.448973273235103
3.25966760997283
-0.856761039141698
0.136423586915876
2.57087540152626
0.278025752940623
5.15509687032855
0.280785819971421
1.41411357525517
-2.21777845517507
1.68988569688472
-2.28062854031787
-0.236151757537709
-0.228700668580363
0.778376635189612
1.14588359967770
4.27418896380702
-0.685984962523641
1.04008915484527
4.78311858475213
1.03691335310370
-1.28547745577969
-1.24208616482706
3.33856812653515
-0.197401263511523
0.604129082256975
0.638100506796823
3.9883281133497
4.58351034064922
0.533279054734316
1.17753139302735
-0.800722367879548
-0.550211907675822
0.432532903471887
1.69862314435757
-0.52491270457926
-1.64766697640930
3.48828166950289
4.35646035281777
-1.97382561578439
4.24202341875796
-0.0491526532453499
5.19986411824544
-0.4177634302118
-0.47815100534509
3.40388342014937
-0.436890554265128
-1.43275200676747
0.552902395271523
0.699263687060924
3.04388016707356
0.484359162400328
0.235799958497611
1.44586412862050
-1.45710025057308
4.92860711949248
-0.664369988956368
4.64996278459202
4.3728825041582
-1.57954809459668
-1.79146039125559
1.57300483048684
0.215055053977182
1.59242718819738
2.03938891259291
0.807964333390231
2.46088548271427
1.07721855303324
0.885187760390549
-1.41382158311894
4.03959906938232
-0.454252681882722
0.242202401525838
-0.68219812220547
1.19698150238669
-0.113806352917447
4.37864776996794
-0.812598293227659
4.3761844191053
-0.194900977613627
-0.103486179902968
0.0797704460696769
0.388194789122644
1.57094879233090
-0.130782546379734
0.488065393646955
0.55072575557078
1.07859052336680
2.17841177341934
3.38451261821121
0.0867830161109212
-0.107637002046466
1.42051114926181
-0.569691946476971
2.70189325727444
1.11892371522478
3.30631391514785
-0.168211904838334
0.433690051327424
3.72783842050499
0.385067689951172
0.493427214963939
0.295697951984121
2.30962380733002
0.0790992968444922
0.090411612928938
-1.29974118656179
1.60842991901112
2.3896026201304
-0.74488901048132
4.24418013114068
1.07247241846384
0.254274498730603
3.53630591138518
0.655281769086854
3.11619575796874
1.43005071454981
-0.811941568778802
-0.303076729363319
-1.52871373132127
-0.888290716430506
0.300566627209714
-1.98712801832955
-0.31901823536495
-0.618809651116786
4.41776621850948
-1.02999763667280
0.243331793466792
-1.33250945195227
-0.346883238615577
0.42515386057088
-0.79816984913617
-1.56027331368101
2.50469326590656
-1.02668908983421
4.8487208620452
-0.0711697525356781
1.40599936521988
0.399448781298607
1.45548758314176
-0.424350943018954
0.66849806377868
4.93332391337974
-0.835369036492209
0.959938493854381
-1.13236775067283
1.42079162167846
-0.199764859598904
0.363272289940123
0.702377090737815
-0.748598145368576
-0.124412717252904
-0.525154421193181
0.0393623007201865
4.47994614813164
-0.559943273463015
3.93980018618413
0.629331195076827
-0.775200238535687
-1.27873467650316
-0.341576102525519
-0.322545153544397
1.26519484513931
0.00630520193388799
-0.255402017456285
1.27422333664735
-0.920296439815278
0.345800653251133
-0.259194402888234
-1.06744492778885
0.319316831436297
1.43051673911716
0.258889344168833
0.0501750635144337
0.0549736569367222
1.53295570204387
3.77346765955369
0.552753580046841
-0.755055008129815
0.270103562605593
2.77001553465595
-1.22440883272932
5.1619929861847
-0.683771139172984
-0.309892871506566
0.19928988632419
4.77750374104015
-0.328367205069259
4.2576323731016
5.06292986586695
1.08785671673439
-1.82674713506435
2.73564407655472
-0.643105828719668
0.888046513773306
-0.128478577528673
2.96966569907422
0.739223432446828
-0.0809772969190724
0.669151235252607
0.125644850799136
0.101502273803154
0.464050344586927
0.135404107774883
1.60712077670985
3.15729180450606
4.8459881005221
0.0661327596457949
0.0643863567850032
-0.539567191301521
0.357453296762369
0.73612367131265
-2.20186041096136
-2.04595861540576
-0.273940109547599
-0.515237711349966
-1.71739331867106
-0.812220040766737
0.82251000608374
3.59277226680155
-1.54549015170327
-3.31027085872342e-05
5.68566605753006
-0.381414371304772
0.216937373720117
-0.463347133404362
-1.09428373611913
1.13608153481275
2.07658772476167
-0.172010082254191
-0.300540508648403
3.88549311632482
0.0668107265439614
-0.385665362172147
3.12512567510703
-0.431353125640233
-0.284498857274164
1.59649951154151
-0.373095012917618
-0.963275670065095
3.30180762115517
2.65584752077922
3.89291186833456
4.74122737574833
0.795528949618438
-1.95368812702275
-0.64659110260399
0.454453279311852
2.38552106060435
1.2400049245818
-1.16608687924113
-0.641621613473775
0.0487335645954871
-1.75281415107155
-0.587689354619822
-1.03432549183722
-0.715605692937294
1.38595504609454
1.34807584858997
5.95502811555581
1.23248240666088
1.28896072634181
-0.0789777495465975
0.0238182467905123
-0.726814475866189
-0.338296407879142
4.23139716534534
-0.610883097646205
0.86848482625661
-0.358958368151859
3.48945672989498
1.46374236866870
3.51530954611267
2.19550622900044
4.59996866784393
-0.954217734837391
-0.36632497754716
0.287887440353792
1.55041306182674
4.29186395029363
-0.743205089019412
3.5142433318947
0.938447659340686
6.02934565520713
0.881398212312524
0.368792378535879
2.94364423734178
-0.819845600328206
3.94111135403872
0.130123869128519
-0.384783874848296
-0.825046676187673
-0.28409470138029
0.726208545451514
4.35988032486769
-3.18468383529689
0.123453000199049
-2.34337711776046
0.420515996848761
4.81787757444796
1.18238119967688
-0.604425515403533
3.24922116888034
1.68064538408548
1.46228069245866
0.399597541396268
-0.716700763383065
4.04143953308138
-0.175355789825616
4.19307312561152
-0.0237829690180602
0.0848416505000357
0.348283655209712
0.082593254409456
-0.302276955670326
1.74724356406274
0.317998287874350
4.61860571235166
1.14508586132335
3.33249543559631
-0.512177375390088
-0.67794911337631
0.454086424082081
-1.04267092715209
0.700526040626862
5.47796126169416
-0.341107436362637
3.06469658523538
-0.0572428917580199
0.00582336328763301
3.94424899101759
4.34644562829926
0.726057766849424
-1.16064958887902
5.76632889579376
-0.271874981705910
1.13686530921377
1.08393821957231
4.60018448129579
-0.969486062122005
0.24205880045123
4.20197636802427
-0.804856876072223
0.205682697611876
0.0194371373674999
-2.39325632999246
-0.780406263394935
-1.58758158344703
0.0742345963054123
-0.996420253052903
0.589312725119994
-0.971754882708996
0.2724035600523
-0.33658822469012
-0.133089554739626
2.73398959769097
5.76304668452567
0.404946080718494
-1.87945522853654
-1.08170245488909
-0.718364403597819
3.65600402360869
-0.708669562102403
2.10514213512753
-1.58868605108082
-0.115079507438769
-0.915076164862399
0.228526056199605
0.80469263469439
2.82439028030995
1.28992574752680
-0.712826097454861
0.98042862313111
2.85379946202028
0.731709277355919
-1.22833562351201
0.0737823999034243
-0.809615786737475
-0.422089021314278
4.28511098321567
-0.70028693234434
1.06389093665114
4.11590018048383
1.40278396715124
1.18603642831172
2.18928979079606
0.91848513554707
0.77734394809415
0.145221746016114
-0.0822437221735003
-0.732850573480676
-0.146364141651918
-0.455837597037039
1.33204954891186
-0.622761861212014
-0.0619698255396679
0.478607109790541
1.55571252547120
2.74502027530077
-0.90816229962932
3.47091471316169
-0.712841095493665
2.74260442687241
-0.542257161072718
-0.089275039487866
0.547294892182405
0.414436522246249
2.98128563999739
-1.68568287358765
1.28096314181913
0.053848495371359
0.0805170029072327
2.76925044806818
-0.121125756431924
-1.40970961443961
-0.268087172524477
-0.313758852480673
-0.00784105598874755
-0.800519478760447
-0.0234520767514613
0.443001160711381
-0.85039347121887
3.95347735436776
-0.413333630267314
3.36609881568299
3.97936683175347
-1.48936770047431
-1.72783549892782
1.41047893777817
3.45749118987095
2.88065577701438
0.104049053778715
0.129944882543261
0.439990732448537
-0.223086486304464
-1.24222640748610
0.375145661195641
0.522517630976941
-2.4209581497275
2.9347696342404
0.677983580684049
-0.221370708810482
-0.817772572785895
-0.8487015353032
-0.457118468846939
-1.28666120327772
-0.137355252327389
-0.673270637284414
0.63989586652576
3.52966320656251
1.23645577090384
3.82859367911089
1.09117896983165
-1.01701972972533
1.13165844023708
0.63359888289515
-1.10772602560027
-0.561918826036459
4.25885477713552
-1.17371948553140
-0.245359366073319
0.127157292769091
1.85162781633379
0.00425394639059223
0.859173649208845
1.06044970163808
2.03150860372538
0.609298907261971
1.45377788095035
-1.74402491654374
-0.447513222739291
-0.493091638872879
-0.0758938864591181
4.14957122204083
-0.214581830875880
0.597472341529472
0.455480373749048
-1.73835298849498
2.89427605484322
2.35827450504213
0.324293393988013
-0.643520112130805
3.74339464175514
-1.02033367152955
-0.263388365596970
4.44573014184736
-0.652714506462483
-0.298721352393437
-0.7293412176719
0.925979386130222
2.70962013557187
1.18117098992724
2.41208501503340
4.56649770418675
5.88567676804236
2.13531455555646
-1.09054610986844
-0.536820641546577
0.138211416500752
-0.530958884595529
1.21859439110297
-0.576449792550173
-0.822212663619036
-0.217871265842820
1.16046571847236
1.13030470715284
-1.13538414390276
0.349570266365328
1.39374337906623
-1.37655895012263
4.75124620253975
1.35694538106381
0.201745287809316
6.10190860711877
-0.941897874514948
1.4556223464318
3.93815374788107
-0.366046493730278
0.233602588394041
0.527824883034001
-1.79038719257743
-0.683360656574677
-1.63800400582748
2.01222618075543
-0.0854245467935983
-0.611079570066256
0.925515714073333
-1.34084785861301
-0.0306531991114788
0.653829502838658
0.989007164916863
-0.446135924657316
0.746081138206578
0.0795458046314323
-0.634365983912417
2.56463431154993
4.93995473710002
-0.506284833509602
1.50804552044307
-0.789116258485218
-0.792750758647707
-0.209237226470477
0.939524073217056
-0.638115841156865
4.66689496800498
0.00111289138659321
-0.142933368751198
